ef2d70348017aff438fd1fd0ea5e05be587b11dc,3,3,100.00,22.99
AB0EDDB5-BC52-5BD3-AE59-03C7C1E8B173,3,2,66.67,8.53
AB0EDDB5-BC52-5BD3-AE59-03C7C1E8B173,3,3,100.00,12.23
3faaf8f4ea26f862bc293087d5e600093aadef61,3,1,33.33,42.92
3faaf8f4ea26f862bc293087d5e600093aadef61,3,2,66.67,45.85
3faaf8f4ea26f862bc293087d5e600093aadef61,3,1,33.33,24.74
3faaf8f4ea26f862bc293087d5e600093aadef61,3,3,100.00,43.51
3faaf8f4ea26f862bc293087d5e600093aadef61,3,0,0.00,11.72
3faaf8f4ea26f862bc293087d5e600093aadef61,3,1,33.33,43.60
3faaf8f4ea26f862bc293087d5e600093aadef61,3,2,66.67,19.37
3faaf8f4ea26f862bc293087d5e600093aadef61,3,0,0.00,27.25
3faaf8f4ea26f862bc293087d5e600093aadef61,3,1,33.33,28.24
3faaf8f4ea26f862bc293087d5e600093aadef61,3,2,66.67,23.85
3faaf8f4ea26f862bc293087d5e600093aadef61,3,1,33.33,19.57
3faaf8f4ea26f862bc293087d5e600093aadef61,3,1,33.33,16.39
3faaf8f4ea26f862bc293087d5e600093aadef61,3,0,0.00,33.13
3faaf8f4ea26f862bc293087d5e600093aadef61,3,0,0.00,23.45
3faaf8f4ea26f862bc293087d5e600093aadef61,3,2,66.67,21.83
3faaf8f4ea26f862bc293087d5e600093aadef61,3,1,33.33,12.16
3faaf8f4ea26f862bc293087d5e600093aadef61,3,0,0.00,19.13
3faaf8f4ea26f862bc293087d5e600093aadef61,3,0,0.00,11.66
3faaf8f4ea26f862bc293087d5e600093aadef61,3,1,33.33,14.55
3faaf8f4ea26f862bc293087d5e600093aadef61,3,1,33.33,12.24
3faaf8f4ea26f862bc293087d5e600093aadef61,3,2,66.67,29.25
3faaf8f4ea26f862bc293087d5e600093aadef61,3,1,33.33,22.72
3faaf8f4ea26f862bc293087d5e600093aadef61,3,1,33.33,32.65
3faaf8f4ea26f862bc293087d5e600093aadef61,3,1,33.33,20.31
3faaf8f4ea26f862bc293087d5e600093aadef61,3,2,66.67,31.66
3faaf8f4ea26f862bc293087d5e600093aadef61,3,2,66.67,15.26
3faaf8f4ea26f862bc293087d5e600093aadef61,3,1,33.33,28.29
3faaf8f4ea26f862bc293087d5e600093aadef61,3,3,100.00,21.58
1cb6a36409fc04689a4c888d159404fafd5ecd9d,3,1,33.33,48.35
1cb6a36409fc04689a4c888d159404fafd5ecd9d,3,0,0.00,40.68
1cb6a36409fc04689a4c888d159404fafd5ecd9d,3,0,0.00,74.67
1cb6a36409fc04689a4c888d159404fafd5ecd9d,3,1,33.33,65.59
1cb6a36409fc04689a4c888d159404fafd5ecd9d,3,0,0.00,50.22
1cb6a36409fc04689a4c888d159404fafd5ecd9d,3,2,66.67,12.01
1cb6a36409fc04689a4c888d159404fafd5ecd9d,3,2,66.67,23.38
1cb6a36409fc04689a4c888d159404fafd5ecd9d,3,1,33.33,28.05
1cb6a36409fc04689a4c888d159404fafd5ecd9d,3,1,33.33,33.35
1cb6a36409fc04689a4c888d159404fafd5ecd9d,3,2,66.67,3.65
1cb6a36409fc04689a4c888d159404fafd5ecd9d,3,0,0.00,13.76
1cb6a36409fc04689a4c888d159404fafd5ecd9d,3,1,33.33,18.27
1cb6a36409fc04689a4c888d159404fafd5ecd9d,3,2,66.67,16.84
1cb6a36409fc04689a4c888d159404fafd5ecd9d,3,1,33.33,8.68
1cb6a36409fc04689a4c888d159404fafd5ecd9d,3,1,33.33,33.12
1cb6a36409fc04689a4c888d159404fafd5ecd9d,3,2,66.67,25.65
1cb6a36409fc04689a4c888d159404fafd5ecd9d,3,0,0.00,4.36
1cb6a36409fc04689a4c888d159404fafd5ecd9d,3,0,0.00,33.35
1cb6a36409fc04689a4c888d159404fafd5ecd9d,3,3,100.00,64.25
1cb6a36409fc04689a4c888d159404fafd5ecd9d,3,2,66.67,43.09
1cb6a36409fc04689a4c888d159404fafd5ecd9d,3,1,33.33,27.35
1cb6a36409fc04689a4c888d159404fafd5ecd9d,3,1,33.33,22.69
1cb6a36409fc04689a4c888d159404fafd5ecd9d,3,1,33.33,37.27
1cb6a36409fc04689a4c888d159404fafd5ecd9d,3,0,0.00,34.35
1cb6a36409fc04689a4c888d159404fafd5ecd9d,3,2,66.67,21.57
1cb6a36409fc04689a4c888d159404fafd5ecd9d,3,2,66.67,16.30
1cb6a36409fc04689a4c888d159404fafd5ecd9d,3,1,33.33,63.86
1cb6a36409fc04689a4c888d159404fafd5ecd9d,3,0,0.00,38.35
1cb6a36409fc04689a4c888d159404fafd5ecd9d,3,1,33.33,25.05
1cb6a36409fc04689a4c888d159404fafd5ecd9d,3,3,100.00,22.02
1cb6a36409fc04689a4c888d159404fafd5ecd9d,3,1,33.33,22.61
1cb6a36409fc04689a4c888d159404fafd5ecd9d,3,0,0.00,67.69
1cb6a36409fc04689a4c888d159404fafd5ecd9d,3,1,33.33,23.19
1cb6a36409fc04689a4c888d159404fafd5ecd9d,3,1,33.33,28.31
1cb6a36409fc04689a4c888d159404fafd5ecd9d,3,2,66.67,29.75
1cb6a36409fc04689a4c888d159404fafd5ecd9d,3,2,66.67,32.54
1cb6a36409fc04689a4c888d159404fafd5ecd9d,3,1,33.33,23.82
1cb6a36409fc04689a4c888d159404fafd5ecd9d,3,0,0.00,25.26
1cb6a36409fc04689a4c888d159404fafd5ecd9d,3,2,66.67,29.72
1cb6a36409fc04689a4c888d159404fafd5ecd9d,3,3,100.00,26.06
1cb6a36409fc04689a4c888d159404fafd5ecd9d,3,0,0.00,27.42
1cb6a36409fc04689a4c888d159404fafd5ecd9d,3,1,33.33,10.77
1cb6a36409fc04689a4c888d159404fafd5ecd9d,3,1,33.33,15.73
1cb6a36409fc04689a4c888d159404fafd5ecd9d,3,1,33.33,18.47
1cb6a36409fc04689a4c888d159404fafd5ecd9d,3,1,33.33,17.48
1cb6a36409fc04689a4c888d159404fafd5ecd9d,3,1,33.33,19.03
1cb6a36409fc04689a4c888d159404fafd5ecd9d,3,1,33.33,24.46
1cb6a36409fc04689a4c888d159404fafd5ecd9d,3,2,66.67,44.15
1cb6a36409fc04689a4c888d159404fafd5ecd9d,3,1,33.33,40.07
CAA41706-60A2-523D-A11D-75192AA083C5,3,2,66.67,14.41
CAA41706-60A2-523D-A11D-75192AA083C5,3,1,33.33,23.25
CAA41706-60A2-523D-A11D-75192AA083C5,3,3,100.00,17.16
CAA41706-60A2-523D-A11D-75192AA083C5,3,3,100.00,13.39
CAA41706-60A2-523D-A11D-75192AA083C5,3,3,100.00,20.49
CAA41706-60A2-523D-A11D-75192AA083C5,3,3,100.00,20.29
CAA41706-60A2-523D-A11D-75192AA083C5,3,3,100.00,20.11
22f36866e9061420925805b3d8880d009254c44b,3,1,33.33,34.01
22f36866e9061420925805b3d8880d009254c44b,3,1,33.33,31.53
22f36866e9061420925805b3d8880d009254c44b,3,2,66.67,33.00
17C41426-9736-5994-A2E6-5A02F5E56966,3,3,100.00,10.45
17C41426-9736-5994-A2E6-5A02F5E56966,3,3,100.00,1.64
17C41426-9736-5994-A2E6-5A02F5E56966,3,3,100.00,2.11
17C41426-9736-5994-A2E6-5A02F5E56966,3,1,33.33,28.76
17C41426-9736-5994-A2E6-5A02F5E56966,3,2,66.67,21.83
17C41426-9736-5994-A2E6-5A02F5E56966,3,2,66.67,28.62
17C41426-9736-5994-A2E6-5A02F5E56966,3,1,33.33,36.62
17C41426-9736-5994-A2E6-5A02F5E56966,3,3,100.00,23.71
17C41426-9736-5994-A2E6-5A02F5E56966,3,3,100.00,6.88
17C41426-9736-5994-A2E6-5A02F5E56966,3,2,66.67,16.84
17C41426-9736-5994-A2E6-5A02F5E56966,3,2,66.67,26.50
17C41426-9736-5994-A2E6-5A02F5E56966,3,3,100.00,10.88
17C41426-9736-5994-A2E6-5A02F5E56966,3,3,100.00,22.34
17C41426-9736-5994-A2E6-5A02F5E56966,3,3,100.00,19.75
17C41426-9736-5994-A2E6-5A02F5E56966,3,3,100.00,7.12
17C41426-9736-5994-A2E6-5A02F5E56966,3,3,100.00,17.60
17C41426-9736-5994-A2E6-5A02F5E56966,3,3,100.00,20.57
17C41426-9736-5994-A2E6-5A02F5E56966,3,3,100.00,16.41
17C41426-9736-5994-A2E6-5A02F5E56966,3,2,66.67,13.56
17C41426-9736-5994-A2E6-5A02F5E56966,3,3,100.00,19.56
17C41426-9736-5994-A2E6-5A02F5E56966,3,2,66.67,16.50
17C41426-9736-5994-A2E6-5A02F5E56966,3,3,100.00,13.33
17C41426-9736-5994-A2E6-5A02F5E56966,3,3,100.00,22.09
CAA41706-60A2-523D-A11D-75192AA083C5,3,3,100.00,23.66
CAA41706-60A2-523D-A11D-75192AA083C5,3,2,66.67,30.34
ef2d70348017aff438fd1fd0ea5e05be587b11dc,3,2,66.67,23.18
ef2d70348017aff438fd1fd0ea5e05be587b11dc,3,0,0.00,23.55
ef2d70348017aff438fd1fd0ea5e05be587b11dc,3,0,0.00,11.71
ef2d70348017aff438fd1fd0ea5e05be587b11dc,3,2,66.67,23.56
ef2d70348017aff438fd1fd0ea5e05be587b11dc,3,3,100.00,18.61
AB0EDDB5-BC52-5BD3-AE59-03C7C1E8B173,3,1,33.33,23.68
AB0EDDB5-BC52-5BD3-AE59-03C7C1E8B173,3,1,33.33,28.21
AB0EDDB5-BC52-5BD3-AE59-03C7C1E8B173,3,3,100.00,26.02
AB0EDDB5-BC52-5BD3-AE59-03C7C1E8B173,3,2,66.67,9.66
AB0EDDB5-BC52-5BD3-AE59-03C7C1E8B173,3,2,66.67,8.97
AB0EDDB5-BC52-5BD3-AE59-03C7C1E8B173,3,1,33.33,22.62
AB0EDDB5-BC52-5BD3-AE59-03C7C1E8B173,3,3,100.00,25.05
AB0EDDB5-BC52-5BD3-AE59-03C7C1E8B173,3,2,66.67,5.99
AB0EDDB5-BC52-5BD3-AE59-03C7C1E8B173,3,1,33.33,36.21
AB0EDDB5-BC52-5BD3-AE59-03C7C1E8B173,3,1,33.33,34.76
AB0EDDB5-BC52-5BD3-AE59-03C7C1E8B173,3,3,100.00,26.63
0d9608a72664be9257c95203396a234dbca69f49,3,1,33.33,18.44
0d9608a72664be9257c95203396a234dbca69f49,3,0,0.00,29.56
3faaf8f4ea26f862bc293087d5e600093aadef61,3,2,66.67,14.17
3faaf8f4ea26f862bc293087d5e600093aadef61,3,2,66.67,24.05
3faaf8f4ea26f862bc293087d5e600093aadef61,3,1,33.33,27.63
ef2d70348017aff438fd1fd0ea5e05be587b11dc,3,3,100.00,11.57
ef2d70348017aff438fd1fd0ea5e05be587b11dc,3,2,66.67,21.40
ef2d70348017aff438fd1fd0ea5e05be587b11dc,3,3,100.00,26.40
ef2d70348017aff438fd1fd0ea5e05be587b11dc,M,3,3,100.00,21.03
ef2d70348017aff438fd1fd0ea5e05be587b11dc,Manish,3,3,100.00,20.56
ef2d70348017aff438fd1fd0ea5e05be587b11dc,Manish,3,2,66.67,19.23
ef2d70348017aff438fd1fd0ea5e05be587b11dc,Manish,3,3,100.00,19.59
ef2d70348017aff438fd1fd0ea5e05be587b11dc,Manish,3,3,100.00,13.36
71ae56ab6f9e8cb61c4b53acb9a967d38f1e8611,null,3,3,100.00,15.20
71ae56ab6f9e8cb61c4b53acb9a967d38f1e8611,null,3,0,0.00,15.05
71ae56ab6f9e8cb61c4b53acb9a967d38f1e8611,null,3,3,100.00,19.09
71ae56ab6f9e8cb61c4b53acb9a967d38f1e8611,null,3,1,33.33,16.30
71ae56ab6f9e8cb61c4b53acb9a967d38f1e8611,null,3,0,0.00,29.16
84A12051-D7A4-5F66-8E58-6D13A238CD84,null,3,3,100.00,15.46
84A12051-D7A4-5F66-8E58-6D13A238CD84,null,3,3,100.00,17.85
84A12051-D7A4-5F66-8E58-6D13A238CD84,null,3,3,100.00,15.07
84A12051-D7A4-5F66-8E58-6D13A238CD84,null,3,3,100.00,13.65
84A12051-D7A4-5F66-8E58-6D13A238CD84,null,3,3,100.00,25.90
84A12051-D7A4-5F66-8E58-6D13A238CD84,Harsha,3,2,66.67,12.81
3faaf8f4ea26f862bc293087d5e600093aadef61,null,3,1,33.33,10.17
3faaf8f4ea26f862bc293087d5e600093aadef61,null,3,3,100.00,20.65
3faaf8f4ea26f862bc293087d5e600093aadef61,null,3,1,33.33,28.91
3faaf8f4ea26f862bc293087d5e600093aadef61,null,3,2,66.67,25.46
3faaf8f4ea26f862bc293087d5e600093aadef61,null,3,1,33.33,24.92
84A12051-D7A4-5F66-8E58-6D13A238CD84,Harsha,3,3,100.00,16.64
84A12051-D7A4-5F66-8E58-6D13A238CD84,Harsha,3,3,100.00,14.02
84A12051-D7A4-5F66-8E58-6D13A238CD84,Harsha,3,3,100.00,21.21
84A12051-D7A4-5F66-8E58-6D13A238CD84,Harsha,3,3,100.00,18.34
84A12051-D7A4-5F66-8E58-6D13A238CD84,Harsha,3,3,100.00,25.71
84A12051-D7A4-5F66-8E58-6D13A238CD84,Harsha,3,0,0.00,37.30
84A12051-D7A4-5F66-8E58-6D13A238CD84,Harsha,3,3,100.00,23.08
84A12051-D7A4-5F66-8E58-6D13A238CD84,Harsha,3,3,100.00,23.24
84A12051-D7A4-5F66-8E58-6D13A238CD84,Harsha,3,3,100.00,22.49
84A12051-D7A4-5F66-8E58-6D13A238CD84,Harsha,3,3,100.00,25.06
84A12051-D7A4-5F66-8E58-6D13A238CD84,Harsha,3,3,100.00,24.75
84A12051-D7A4-5F66-8E58-6D13A238CD84,Harsha,3,3,100.00,18.33
84A12051-D7A4-5F66-8E58-6D13A238CD84,Harsha,3,3,100.00,21.75
84A12051-D7A4-5F66-8E58-6D13A238CD84,Harsha,3,3,100.00,18.44
84A12051-D7A4-5F66-8E58-6D13A238CD84,Harsha,3,3,100.00,23.34
84A12051-D7A4-5F66-8E58-6D13A238CD84,Harsha,3,3,100.00,19.78
84A12051-D7A4-5F66-8E58-6D13A238CD84,Harsha,3,3,100.00,19.69
84A12051-D7A4-5F66-8E58-6D13A238CD84,Harsha,3,1,33.33,26.28
84A12051-D7A4-5F66-8E58-6D13A238CD84,Harsha,3,3,100.00,23.52
84A12051-D7A4-5F66-8E58-6D13A238CD84,Harsha,3,3,100.00,18.49
84A12051-D7A4-5F66-8E58-6D13A238CD84,Harsha,3,3,100.00,24.73
84A12051-D7A4-5F66-8E58-6D13A238CD84,Harsha,3,3,100.00,24.08
84A12051-D7A4-5F66-8E58-6D13A238CD84,Harsha,3,3,100.00,22.17
84A12051-D7A4-5F66-8E58-6D13A238CD84,Harsha,3,3,100.00,23.72
84A12051-D7A4-5F66-8E58-6D13A238CD84,Harsha,3,3,100.00,20.40
84A12051-D7A4-5F66-8E58-6D13A238CD84,Harsha,3,3,100.00,25.66
84A12051-D7A4-5F66-8E58-6D13A238CD84,Harsha,3,3,100.00,20.64
84A12051-D7A4-5F66-8E58-6D13A238CD84,Harsha,3,3,100.00,25.45
84A12051-D7A4-5F66-8E58-6D13A238CD84,Harsha,3,3,100.00,22.27
84A12051-D7A4-5F66-8E58-6D13A238CD84,Harsha,3,3,100.00,19.96
84A12051-D7A4-5F66-8E58-6D13A238CD84,Harsha,3,3,100.00,24.03
84A12051-D7A4-5F66-8E58-6D13A238CD84,Harsha,3,3,100.00,25.82
84A12051-D7A4-5F66-8E58-6D13A238CD84,Harsha,3,3,100.00,19.95
84A12051-D7A4-5F66-8E58-6D13A238CD84,Harsha,3,3,100.00,25.02
1cb6a36409fc04689a4c888d159404fafd5ecd9d,null,3,1,33.33,21.25
1cb6a36409fc04689a4c888d159404fafd5ecd9d,null,3,1,33.33,23.72
1cb6a36409fc04689a4c888d159404fafd5ecd9d,null,3,1,33.33,27.84
1cb6a36409fc04689a4c888d159404fafd5ecd9d,sahithya,3,1,33.33,27.12
CAA41706-60A2-523D-A11D-75192AA083C5,null,3,2,66.67,15.39
CAA41706-60A2-523D-A11D-75192AA083C5,null,3,3,100.00,12.33
CAA41706-60A2-523D-A11D-75192AA083C5,null,3,2,66.67,14.34
CAA41706-60A2-523D-A11D-75192AA083C5,null,3,2,66.67,13.50
AB0EDDB5-BC52-5BD3-AE59-03C7C1E8B173,null,3,2,66.67,14.46
AB0EDDB5-BC52-5BD3-AE59-03C7C1E8B173,null,3,1,33.33,18.83
AB0EDDB5-BC52-5BD3-AE59-03C7C1E8B173,null,3,3,100.00,8.70
AB0EDDB5-BC52-5BD3-AE59-03C7C1E8B173,null,3,0,0.00,3.30
AB0EDDB5-BC52-5BD3-AE59-03C7C1E8B173,null,3,2,66.67,22.27
AB0EDDB5-BC52-5BD3-AE59-03C7C1E8B173,null,3,3,100.00,13.64
AB0EDDB5-BC52-5BD3-AE59-03C7C1E8B173,null,3,1,33.33,29.21
1cb6a36409fc04689a4c888d159404fafd5ecd9d,sahithya,3,1,33.33,19.22
1cb6a36409fc04689a4c888d159404fafd5ecd9d,sahithya,3,3,100.00,16.67
1cb6a36409fc04689a4c888d159404fafd5ecd9d,sahithya,3,0,0.00,14.42
40069489-E898-5E72-B11B-8416B1DC658C,null,3,2,66.67,18.10
40069489-E898-5E72-B11B-8416B1DC658C,null,3,2,66.67,39.26
CAA41706-60A2-523D-A11D-75192AA083C5,null,3,3,100.00,11.23
CAA41706-60A2-523D-A11D-75192AA083C5,null,3,3,100.00,10.67
CAA41706-60A2-523D-A11D-75192AA083C5,null,3,3,100.00,15.87
CAA41706-60A2-523D-A11D-75192AA083C5,null,3,3,100.00,16.66
AB0EDDB5-BC52-5BD3-AE59-03C7C1E8B173,null,3,1,33.33,6.05
AB0EDDB5-BC52-5BD3-AE59-03C7C1E8B173,null,5,4,80.00,3.72
AB0EDDB5-BC52-5BD3-AE59-03C7C1E8B173,null,5,5,100.00,10.73
AB0EDDB5-BC52-5BD3-AE59-03C7C1E8B173,null,5,4,80.00,11.34
AB0EDDB5-BC52-5BD3-AE59-03C7C1E8B173,null,5,5,100.00,20.56
AB0EDDB5-BC52-5BD3-AE59-03C7C1E8B173,null,5,4,80.00,6.15
AB0EDDB5-BC52-5BD3-AE59-03C7C1E8B173,null,5,5,100.00,4.20
AB0EDDB5-BC52-5BD3-AE59-03C7C1E8B173,null,5,3,60.00,3.61
AB0EDDB5-BC52-5BD3-AE59-03C7C1E8B173,null,5,2,40.00,2.46
AB0EDDB5-BC52-5BD3-AE59-03C7C1E8B173,null,5,3,60.00,8.54
AB0EDDB5-BC52-5BD3-AE59-03C7C1E8B173,null,5,2,40.00,13.01
AB0EDDB5-BC52-5BD3-AE59-03C7C1E8B173,null,5,3,60.00,18.00
AB0EDDB5-BC52-5BD3-AE59-03C7C1E8B173,null,5,4,80.00,25.56
AB0EDDB5-BC52-5BD3-AE59-03C7C1E8B173,null,7,3,42.86,22.14
AB0EDDB5-BC52-5BD3-AE59-03C7C1E8B173,null,7,4,57.14,14.18
AB0EDDB5-BC52-5BD3-AE59-03C7C1E8B173,null,5,2,40.00,26.94
AB0EDDB5-BC52-5BD3-AE59-03C7C1E8B173,null,5,3,60.00,15.97
AB0EDDB5-BC52-5BD3-AE59-03C7C1E8B173,null,5,2,40.00,6.73
0d9608a72664be9257c95203396a234dbca69f49,null,5,3,60.00,18.38
40069489-E898-5E72-B11B-8416B1DC658C,null,5,2,40.00,0.95
3faaf8f4ea26f862bc293087d5e600093aadef61,null,5,2,40.00,15.09
3faaf8f4ea26f862bc293087d5e600093aadef61,null,5,2,40.00,8.11
3faaf8f4ea26f862bc293087d5e600093aadef61,null,5,4,80.00,2.36
3faaf8f4ea26f862bc293087d5e600093aadef61,cat,5,1,20.00,6.19
3faaf8f4ea26f862bc293087d5e600093aadef61,cat,5,4,80.00,17.15
3faaf8f4ea26f862bc293087d5e600093aadef61,cat,5,3,60.00,8.24
3faaf8f4ea26f862bc293087d5e600093aadef61,hey,5,4,80.00,8.45
3faaf8f4ea26f862bc293087d5e600093aadef61,hello,5,4,80.00,8.81
3faaf8f4ea26f862bc293087d5e600093aadef61,kitty,5,4,80.00,8.97
3faaf8f4ea26f862bc293087d5e600093aadef61,kitty,5,3,60.00,14.58
40069489-E898-5E72-B11B-8416B1DC658C,null,5,2,40.00,6.67
40069489-E898-5E72-B11B-8416B1DC658C,null,5,0,0.00,3.48
40069489-E898-5E72-B11B-8416B1DC658C,Shreyas,5,2,40.00,12.94
40069489-E898-5E72-B11B-8416B1DC658C,Shreyas,5,4,80.00,14.60
